Boost_and_Two_Level_Inverter_IO/SC_eHS/OpComm: 1 : 0.000000000000000 : 0.000000000000000 : 1 : 0 : [0]
Boost_and_Two_Level_Inverter_IO/SM_Controller/OpComm: 9 : 0.000020000000000 : 0.000020000000000 : 1 : 0 : [100,25,1,10000,0.7,55000,50,0.8,0.00349065850398866]
SampleTime=0.000020000000000
